
1. 15.09.2012 4,5,37,39,43,49
2. 18.09.2012 24,36,40,41,43,47
3. 20.09.2012 9,15,17,20,23,40
4. 22.09.2012 11,13,22,28,32,37
5. 25.09.2012 4,9,14,24,44,47
6. 27.09.2012 7,18,24,27,31,40
7. 29.09.2012 5,11,27,38,39,45
8. 02.10.2012 1,12,23,28,35,38
9. 04.10.2012 1,10,13,16,24,26
10. 06.10.2012 4,8,11,15,31,38
11. 09.10.2012 2,3,5,16,17,34
12. 11.10.2012 20,23,29,30,37,47
13. 13.10.2012 3,8,13,14,32,36
14. 16.10.2012 16,18,27,31,34,40
15. 18.10.2012 2,8,17,34,35,44
16. 20.10.2012 1,3,6,11,20,38
17. 23.10.2012 7,17,29,30,41,45
18. 25.10.2012 4,18,36,40,44,49
19. 27.10.2012 23,27,28,29,30,36
20. 30.10.2012 1,14,15,19,40,41
21. 01.11.2012 10,23,34,35,36,43
22. 03.11.2012 6,21,23,27,39,44
23. 06.11.2012 7,16,20,27,28,30
24. 08.11.2012 18,24,32,41,44,45
25. 10.11.2012 9,16,20,30,34,41
26. 13.11.2012 1,11,21,33,45,49
27. 15.11.2012 8,10,12,22,28,35
28. 17.11.2012 2,6,12,25,29,43
29. 20.11.2012 2,3,22,35,37,45
30. 22.11.2012 9,12,22,27,46,48
31. 24.11.2012 1,12,15,30,41,44
32. 27.11.2012 8,10,12,33,42,47
33. 29.11.2012 11,19,20,28,40,43
34. 01.12.2012 2,10,27,33,42,47
35. 04.12.2012 25,36,39,40,41,48
36. 06.12.2012 7,12,19,29,30,37
37. 08.12.2012 9,24,35,40,46,49
38. 11.12.2012 3,12,25,26,27,38
39. 13.12.2012 7,22,23,28,32,33
40. 15.12.2012 9,18,32,37,40,48
41. 18.12.2012 3,6,14,29,40,43
42. 20.12.2012 20,21,27,31,43,49
43. 22.12.2012 7,11,20,29,42,47
44. 25.12.2012 10,11,21,23,38,44
45. 27.12.2012 1,18,19,40,43,44
46. 29.12.2012 24,26,31,42,43,45
47. 01.01.2013 4,15,27,33,34,47
48. 03.01.2013 7,9,10,19,37,38
49. 05.01.2013 1,2,19,30,38,43
50. 08.01.2013 18,22,31,34,36,44
51. 10.01.2013 15,17,24,35,40,43
52. 12.01.2013 1,10,12,16,17,20
53. 15.01.2013 2,7,11,36,38,49
54. 17.01.2013 7,29,30,33,35,47
55. 19.01.2013 15,17,22,25,29,41
56. 22.01.2013 1,28,33,42,44,46
57. 24.01.2013 4,8,29,35,39,49
58. 26.01.2013 7,19,21,23,28,43
59. 29.01.2013 10,11,20,21,23,34
60. 31.01.2013 10,17,25,26,40,45
61. 02.02.2013 13,17,23,29,40,49
62. 05.02.2013 4,8,24,30,38,40
63. 07.02.2013 1,6,9,14,23,35
64. 09.02.2013 2,8,25,39,43,48
65. 12.02.2013 4,14,28,34,38,40
66. 14.02.2013 3,5,12,22,24,30
67. 16.02.2013 15,17,21,27,32,35
68. 19.02.2013 18,19,20,25,32,41
69. 21.02.2013 3,4,14,39,42,47
70. 23.02.2013 8,16,19,20,41,43
71. 26.02.2013 14,16,23,40,43,45
72. 28.02.2013 2,11,21,29,36,49
73. 02.03.2013 10,14,17,18,30,31
74. 05.03.2013 1,6,15,34,45,48
75. 07.03.2013 12,29,30,33,34,41
76. 09.03.2013 2,3,23,33,36,48
77. 12.03.2013 3,36,37,43,46,47
78. 14.03.2013 8,10,15,19,35,41
79. 16.03.2013 4,8,12,24,25,29
80. 19.03.2013 1,16,29,33,38,48
81. 21.03.2013 4,20,25,28,32,41
82. 23.03.2013 7,11,21,26,28,36
83. 26.03.2013 3,15,21,39,40,48
84. 28.03.2013 6,9,12,21,22,47
85. 30.03.2013 9,16,20,23,24,47
86. 02.04.2013 22,24,26,27,46,48
87. 04.04.2013 7,18,22,34,38,47
88. 06.04.2013 10,12,29,35,41,46
89. 09.04.2013 10,15,33,35,45,47
90. 11.04.2013 21,22,23,24,36,38
91. 13.04.2013 6,11,21,35,40,41
92. 16.04.2013 6,9,17,29,37,41
93. 18.04.2013 6,11,21,34,38,41
94. 20.04.2013 5,6,9,29,34,36
95. 23.04.2013 2,9,18,21,27,44
96. 25.04.2013 15,17,19,22,28,46
97. 27.04.2013 2,5,6,16,28,35
98. 30.04.2013 25,26,30,31,37,43
99. 02.05.2013 6,27,34,35,45,48
100. 04.05.2013 6,7,11,29,31,33
101. 07.05.2013 7,8,20,27,39,40
102. 09.05.2013 2,16,20,29,36,44
103. 11.05.2013 1,23,32,33,46,48
104. 14.05.2013 2,8,11,12,21,23
105. 16.05.2013 4,13,16,35,41,44
106. 18.05.2013 1,4,16,22,35,36
107. 21.05.2013 1,2,9,14,37,38
108. 23.05.2013 1,8,13,21,32,41
109. 25.05.2013 1,9,17,36,39,49
110. 28.05.2013 6,14,23,41,45,47
111. 30.05.2013 1,7,12,20,41,47
112. 01.06.2013 11,12,22,31,32,40
113. 04.06.2013 1,4,12,20,22,34
114. 06.06.2013 2,9,21,31,34,37
115. 08.06.2013 1,16,19,22,34,40
116. 11.06.2013 3,4,14,18,22,34
117. 13.06.2013 2,16,24,42,47,49
118. 15.06.2013 3,6,17,19,33,36
119. 18.06.2013 8,17,33,35,36,45
120. 20.06.2013 2,4,5,24,38,41
121. 22.06.2013 2,24,25,26,27,42
122. 25.06.2013 1,9,23,31,33,42
123. 27.06.2013 1,4,5,29,36,38
124. 29.06.2013 5,9,12,18,42,43
125. 02.07.2013 1,6,23,24,41,46
126. 04.07.2013 12,32,36,38,39,40
127. 06.07.2013 2,10,25,33,39,47
128. 09.07.2013 9,12,16,28,37,42
129. 11.07.2013 3,10,18,30,36,44
130. 13.07.2013 15,27,30,35,43,48
131. 16.07.2013 6,10,12,14,17,34
132. 18.07.2013 11,14,29,31,43,44
133. 20.07.2013 1,7,8,22,45,47
134. 23.07.2013 3,6,14,21,22,26
135. 25.07.2013 11,16,18,35,37,45
136. 27.07.2013 13,23,26,27,41,49
137. 30.07.2013 3,9,11,21,33,43
138. 01.08.2013 15,20,23,32,36,47
139. 03.08.2013 3,18,20,31,33,48
140. 06.08.2013 19,27,37,38,47,49
141. 08.08.2013 3,11,29,34,35,46
142. 10.08.2013 21,30,32,34,40,44
143. 13.08.2013 20,30,40,42,44,47
144. 15.08.2013 5,20,23,25,29,33
145. 17.08.2013 2,17,19,25,40,42
146. 20.08.2013 3,4,9,11,14,15
147. 22.08.2013 4,9,17,25,44,49
148. 24.08.2013 21,29,32,33,39,47
149. 27.08.2013 3,12,20,24,32,34
150. 29.08.2013 9,15,18,22,36,38
151. 31.08.2013 16,32,34,35,41,42
152. 03.09.2013 10,15,20,25,41,48
153. 05.09.2013 4,6,23,28,33,44
154. 07.09.2013 3,16,32,38,40,44
155. 10.09.2013 2,23,27,28,32,37
156. 12.09.2013 7,11,23,28,39,45
157. 14.09.2013 4,12,27,32,45,48
158. 17.09.2013 1,16,24,38,39,41
159. 19.09.2013 16,17,28,32,36,48
160. 21.09.2013 3,6,27,29,38,39
161. 24.09.2013 12,25,30,31,40,45
162. 26.09.2013 9,15,17,22,39,45
163. 28.09.2013 15,17,30,31,32,37
164. 01.10.2013 8,15,16,24,26,48
165. 03.10.2013 4,11,17,18,21,22
166. 05.10.2013 2,8,17,19,26,32
167. 08.10.2013 16,22,25,32,34,39
168. 10.10.2013 4,9,23,45,48,49
169. 12.10.2013 13,19,26,27,32,33
170. 15.10.2013 1,12,13,24,45,46
171. 17.10.2013 4,12,22,27,36,47
172. 19.10.2013 5,10,13,31,39,41
173. 22.10.2013 7,34,35,37,40,48
174. 24.10.2013 8,12,27,29,38,44
175. 26.10.2013 3,15,27,29,35,41
176. 29.10.2013 3,14,21,25,30,49
177. 31.10.2013 1,19,25,34,38,47
178. 02.11.2013 10,15,20,32,43,48
179. 05.11.2013 17,19,23,25,28,37
180. 07.11.2013 16,20,27,35,37,48
181. 09.11.2013 4,6,29,30,34,35
182. 12.11.2013 6,13,14,16,17,33
183. 14.11.2013 4,5,19,28,39,41
184. 16.11.2013 6,12,13,18,20,47
185. 19.11.2013 14,18,34,36,41,45
186. 21.11.2013 11,16,38,39,41,46
187. 23.11.2013 10,18,20,28,33,39
188. 26.11.2013 1,15,37,38,41,42
189. 28.11.2013 5,19,29,32,36,37
190. 30.11.2013 11,19,20,25,35,36
191. 03.12.2013 4,15,27,34,43,44
192. 05.12.2013 8,11,20,27,40,47
193. 07.12.2013 5,18,24,36,43,47
194. 10.12.2013 12,16,35,44,45,48
195. 12.12.2013 10,19,21,28,31,41
196. 14.12.2013 10,26,29,30,39,46
197. 17.12.2013 3,5,10,11,40,41
198. 19.12.2013 2,9,10,11,19,35
199. 21.12.2013 2,20,22,36,38,39
200. 24.12.2013 4,12,19,39,43,46
201. 26.12.2013 1,8,9,27,42,46
202. 28.12.2013 8,9,22,37,42,45
203. 31.12.2013 8,25,34,37,41,43
204. 02.01.2014 1,14,16,25,29,41
205. 04.01.2014 8,20,23,32,38,41
206. 07.01.2014 11,24,30,41,43,45
207. 09.01.2014 4,11,30,41,45,48
208. 11.01.2014 5,20,21,31,33,47
209. 14.01.2014 2,13,19,22,31,38
210. 16.01.2014 11,16,25,26,27,49
211. 18.01.2014 15,16,24,33,39,41
212. 21.01.2014 2,11,14,16,19,29
213. 23.01.2014 18,22,24,33,37,48
214. 25.01.2014 4,14,25,32,45,47
215. 28.01.2014 4,17,37,38,40,44
216. 30.01.2014 21,31,34,45,46,49
217. 01.02.2014 1,7,14,19,42,44
218. 04.02.2014 2,3,4,10,14,29
219. 06.02.2014 12,17,27,35,41,45
220. 08.02.2014 6,15,26,37,42,47
221. 11.02.2014 16,20,34,39,41,48
222. 13.02.2014 10,13,16,33,44,49
223. 15.02.2014 10,11,13,23,28,48
224. 18.02.2014 1,13,20,26,37,45
225. 20.02.2014 2,11,20,22,29,48
226. 22.02.2014 23,30,37,38,40,42
227. 25.02.2014 3,8,10,17,18,26
228. 27.02.2014 16,17,21,34,45,47
229. 01.03.2014 12,18,23,30,31,34
230. 04.03.2014 1,2,13,17,26,40
231. 06.03.2014 4,20,26,34,35,37
232. 08.03.2014 4,10,36,38,46,47
233. 11.03.2014 1,6,8,13,34,39
234. 13.03.2014 9,12,24,37,44,48
235. 15.03.2014 4,15,22,25,39,40
236. 18.03.2014 6,10,17,29,33,49
237. 20.03.2014 22,34,38,39,42,49
238. 22.03.2014 3,29,32,34,48,49
239. 25.03.2014 23,32,36,38,39,40
240. 27.03.2014 18,29,32,33,40,41
241. 29.03.2014 3,6,12,15,29,33
242. 01.04.2014 1,16,37,38,41,44
243. 03.04.2014 4,9,11,18,35,40
244. 05.04.2014 8,33,39,40,41,44
245. 08.04.2014 4,8,22,36,46,47
246. 10.04.2014 4,22,36,40,42,49
247. 15.04.2014 1,22,27,33,34,38
248. 17.04.2014 9,19,27,30,38,44
249. 19.04.2014 2,8,10,24,34,47
250. 22.04.2014 3,8,19,30,34,37
251. 24.04.2014 26,30,32,41,44,46
252. 26.04.2014 6,8,14,37,40,44
253. 29.04.2014 15,19,20,25,33,39
254. 01.05.2014 10,12,16,23,38,40
255. 03.05.2014 16,21,23,30,31,32
256. 06.05.2014 6,13,16,19,33,35
257. 08.05.2014 2,3,12,21,24,26
258. 10.05.2014 8,20,25,30,35,46
259. 13.05.2014 4,20,26,37,43,45
260. 15.05.2014 3,15,23,43,44,47
261. 17.05.2014 13,15,21,30,33,36
262. 20.05.2014 24,26,42,44,47,48
263. 22.05.2014 8,12,29,33,43,47
264. 24.05.2014 2,13,28,37,43,48
265. 27.05.2014 22,23,27,33,39,47
266. 29.05.2014 2,16,21,32,39,43
267. 31.05.2014 6,11,13,29,40,44
268. 03.06.2014 6,8,19,38,46,48
269. 05.06.2014 9,18,24,39,43,48
270. 07.06.2014 1,4,24,35,44,49
271. 10.06.2014 2,32,35,37,43,48
272. 12.06.2014 2,4,17,28,40,48
273. 14.06.2014 5,6,10,15,27,44
274. 17.06.2014 3,10,13,31,33,42
275. 19.06.2014 11,13,22,29,35,47
276. 21.06.2014 14,25,33,36,42,48
277. 24.06.2014 14,21,23,26,27,42
278. 26.06.2014 6,12,19,21,35,37
279. 28.06.2014 5,16,17,40,42,47
280. 01.07.2014 4,18,27,28,39,45
281. 03.07.2014 22,23,30,31,37,46
282. 05.07.2014 8,9,29,30,40,42
283. 08.07.2014 2,16,21,40,46,49
284. 10.07.2014 1,7,13,24,26,31
285. 12.07.2014 5,18,26,38,42,44
286. 15.07.2014 15,19,28,34,44,48
287. 17.07.2014 14,17,21,25,33,44
288. 19.07.2014 18,31,33,36,48,49
289. 22.07.2014 4,25,29,30,46,47
290. 24.07.2014 9,11,12,40,43,45
291. 26.07.2014 8,19,22,30,39,44
292. 29.07.2014 2,16,24,32,34,38
293. 31.07.2014 5,11,24,30,40,42
294. 02.08.2014 6,18,20,25,43,45
295. 05.08.2014 3,8,16,17,24,42
296. 07.08.2014 14,21,30,41,43,48
297. 09.08.2014 4,16,21,30,34,39
298. 12.08.2014 1,9,25,27,33,34
299. 14.08.2014 3,5,6,10,27,46
300. 16.08.2014 8,12,13,16,41,49
301. 19.08.2014 6,14,26,44,45,47
302. 21.08.2014 6,15,28,32,33,42
303. 23.08.2014 6,7,14,19,37,39
304. 26.08.2014 1,6,13,14,20,47
305. 28.08.2014 4,13,29,30,32,46
306. 30.08.2014 8,9,17,27,29,45
307. 02.09.2014 11,12,14,29,34,49
308. 04.09.2014 4,7,9,23,28,32
309. 06.09.2014 8,17,22,34,38,47
310. 09.09.2014 1,8,23,38,40,46
311. 11.09.2014 1,8,20,30,33,40
312. 13.09.2014 12,19,29,32,43,47
313. 16.09.2014 5,17,21,25,29,46
314. 18.09.2014 1,6,11,16,44,49
315. 20.09.2014 2,11,15,41,45,47
316. 23.09.2014 4,22,23,27,39,43
317. 25.09.2014 8,10,12,27,30,48
318. 27.09.2014 6,8,12,24,26,46
319. 30.09.2014 8,25,39,42,47,49
320. 02.10.2014 1,8,9,25,31,47
321. 04.10.2014 2,5,8,19,21,25
322. 07.10.2014 3,9,12,22,32,49
323. 09.10.2014 8,21,23,25,26,39
324. 11.10.2014 4,5,21,22,28,46
325. 14.10.2014 4,5,8,14,16,34
326. 16.10.2014 3,8,18,21,29,49
327. 18.10.2014 10,23,36,38,40,46
328. 21.10.2014 10,11,22,29,36,42
329. 23.10.2014 8,14,28,29,32,38
330. 25.10.2014 7,8,12,19,22,36
331. 28.10.2014 5,10,20,27,39,46
332. 30.10.2014 10,15,16,22,40,46
333. 01.11.2014 9,17,22,24,39,48
334. 04.11.2014 16,18,22,30,33,43
335. 06.11.2014 7,17,18,26,35,39
336. 08.11.2014 8,13,23,37,39,46
337. 11.11.2014 7,17,19,23,39,44
338. 13.11.2014 5,10,11,17,19,21
339. 15.11.2014 5,7,13,26,34,48
340. 18.11.2014 17,18,30,35,47,48
341. 20.11.2014 8,13,17,19,27,44
342. 22.11.2014 2,16,24,27,30,48
343. 25.11.2014 9,12,20,40,45,48
344. 27.11.2014 13,21,26,36,42,43
345. 29.11.2014 2,8,23,31,32,34
346. 02.12.2014 1,3,15,17,18,34
347. 04.12.2014 1,3,13,29,31,49
348. 06.12.2014 12,19,25,29,36,38
349. 09.12.2014 2,7,19,31,38,39
350. 11.12.2014 14,24,28,29,31,38
351. 13.12.2014 4,25,27,29,32,43
352. 16.12.2014 13,27,32,36,46,47
353. 18.12.2014 8,19,32,43,46,48
354. 20.12.2014 16,32,33,36,39,47
355. 23.12.2014 5,20,25,28,39,40
356. 25.12.2014 1,6,22,25,42,46
357. 27.12.2014 4,8,28,30,48,49
358. 30.12.2014 7,9,29,32,36,41
359. 01.01.2015 10,16,36,37,40,42
360. 03.01.2015 2,8,17,29,37,45
361. 06.01.2015 3,17,18,31,36,40
362. 08.01.2015 6,8,12,23,26,33
363. 10.01.2015 13,15,26,28,40,42
364. 13.01.2015 8,12,19,21,33,35
365. 15.01.2015 2,8,11,21,22,24
366. 17.01.2015 8,11,20,23,35,42
367. 20.01.2015 2,5,14,15,30,44
368. 22.01.2015 16,18,24,34,43,44
369. 24.01.2015 9,11,16,22,36,48
370. 27.01.2015 1,2,17,21,26,34
371. 29.01.2015 6,15,23,25,32,43
372. 31.01.2015 5,6,25,26,39,48
373. 03.02.2015 1,18,21,28,37,40
374. 05.02.2015 3,4,5,9,43,49
375. 07.02.2015 11,14,30,36,39,46
376. 10.02.2015 6,7,9,22,25,30
377. 12.02.2015 9,14,17,24,25,30
378. 14.02.2015 3,14,22,33,39,43
379. 17.02.2015 4,12,14,17,39,46
380. 19.02.2015 8,11,22,34,42,46
381. 21.02.2015 9,26,28,31,34,39
382. 24.02.2015 13,14,18,37,41,44
383. 26.02.2015 12,15,18,34,40,42
384. 28.02.2015 1,11,16,28,31,32
385. 03.03.2015 11,27,32,33,40,42
386. 05.03.2015 1,7,8,21,42,47
387. 07.03.2015 2,12,32,34,46,47
388. 10.03.2015 5,10,20,28,35,47
389. 12.03.2015 5,11,12,15,20,23
390. 14.03.2015 7,16,20,29,31,40
391. 17.03.2015 1,5,13,15,38,43
392. 19.03.2015 14,18,26,29,48,49
393. 21.03.2015 2,10,12,29,39,45
394. 24.03.2015 15,19,24,26,29,48
395. 26.03.2015 3,7,16,21,31,33
396. 28.03.2015 6,23,29,37,38,45
397. 31.03.2015 19,31,35,40,43,44
398. 02.04.2015 3,10,19,20,36,44
399. 04.04.2015 7,13,17,20,34,47
400. 07.04.2015 6,16,31,38,39,43
401. 09.04.2015 4,8,10,16,39,48
402. 11.04.2015 2,9,32,41,44,47
403. 14.04.2015 7,8,16,26,27,33
404. 16.04.2015 3,20,28,36,40,41
405. 18.04.2015 1,5,13,17,29,44
406. 21.04.2015 5,13,17,27,28,42
407. 23.04.2015 3,4,6,17,21,29
408. 25.04.2015 4,6,10,24,45,46
409. 28.04.2015 6,16,17,29,33,39
410. 30.04.2015 1,10,19,25,26,41
411. 02.05.2015 8,10,12,21,25,36
412. 05.05.2015 3,9,17,43,46,47
413. 07.05.2015 2,9,17,40,41,43
414. 09.05.2015 12,18,21,35,37,39
415. 12.05.2015 3,4,5,39,41,48
416. 14.05.2015 4,16,18,35,39,44
417. 16.05.2015 1,18,23,27,38,49
418. 19.05.2015 6,16,19,23,31,49
419. 21.05.2015 3,11,18,20,35,38
420. 23.05.2015 4,6,16,17,19,30
421. 26.05.2015 4,13,17,18,38,40
422. 28.05.2015 6,8,9,20,22,48
423. 30.05.2015 10,15,16,21,24,41
424. 02.06.2015 6,13,18,24,38,44
425. 04.06.2015 1,2,16,26,27,38
426. 06.06.2015 3,6,14,32,46,47
427. 09.06.2015 2,11,13,27,36,38
428. 11.06.2015 11,20,26,30,32,35
429. 13.06.2015 4,6,16,24,46,49
430. 16.06.2015 18,24,29,32,34,44
431. 18.06.2015 14,21,25,28,29,38
432. 20.06.2015 9,13,15,23,30,39
433. 23.06.2015 1,9,20,27,34,37
434. 25.06.2015 8,14,24,25,37,46
435. 27.06.2015 5,18,19,28,38,46
436. 30.06.2015 5,21,25,28,36,37
437. 02.07.2015 1,10,28,44,45,48
438. 04.07.2015 8,14,15,18,35,46
439. 07.07.2015 5,7,10,18,43,44
440. 09.07.2015 16,21,26,35,48,49
441. 11.07.2015 10,17,34,37,40,42
442. 14.07.2015 7,19,31,34,40,48
443. 16.07.2015 10,18,23,35,42,43
444. 18.07.2015 3,8,13,21,27,49
445. 21.07.2015 2,4,8,9,15,35
446. 23.07.2015 1,4,15,17,31,41
447. 25.07.2015 28,31,42,43,47,49
448. 28.07.2015 2,12,20,35,40,44
449. 30.07.2015 11,30,31,33,36,45
450. 01.08.2015 1,4,12,18,29,47
451. 04.08.2015 10,16,30,34,39,43
452. 06.08.2015 3,35,41,44,45,49
453. 08.08.2015 2,18,38,41,46,49
454. 11.08.2015 6,9,28,31,32,49
455. 13.08.2015 10,15,22,26,32,42
456. 15.08.2015 10,11,15,28,39,42
457. 18.08.2015 1,4,9,19,48,49
458. 20.08.2015 5,8,20,25,28,41
459. 22.08.2015 2,15,19,33,35,41
460. 25.08.2015 1,9,33,34,46,47
461. 27.08.2015 8,30,32,33,39,44
462. 29.08.2015 8,22,29,41,43,49
463. 01.09.2015 9,10,18,28,40,49
464. 03.09.2015 1,2,22,34,36,37
465. 05.09.2015 6,23,24,30,32,49
466. 08.09.2015 5,8,32,37,39,49
467. 10.09.2015 7,11,14,22,40,44
468. 12.09.2015 16,25,27,32,45,47
469. 15.09.2015 1,20,33,36,42,49
470. 17.09.2015 2,5,8,18,23,42
471. 19.09.2015 1,18,19,26,36,44
472. 22.09.2015 20,23,26,28,39,40
473. 24.09.2015 9,11,12,14,18,30
474. 26.09.2015 9,26,28,30,40,47
475. 29.09.2015 6,11,15,20,22,29
476. 01.10.2015 4,21,24,27,44,49
477. 03.10.2015 2,10,11,24,38,39
478. 06.10.2015 3,18,29,37,40,43
479. 08.10.2015 7,13,34,40,42,45
480. 10.10.2015 8,13,23,32,33,47
481. 13.10.2015 6,9,18,47,48,49
482. 15.10.2015 5,8,11,12,38,44
483. 17.10.2015 8,10,15,17,37,42
484. 20.10.2015 3,7,16,19,45,49
485. 22.10.2015 2,11,13,17,29,33
486. 24.10.2015 8,27,33,36,39,49
487. 27.10.2015 6,21,26,32,35,45
488. 29.10.2015 5,11,14,30,37,45
489. 31.10.2015 9,13,15,26,48,49
490. 03.11.2015 12,35,36,37,41,48
491. 05.11.2015 3,5,8,15,17,35
492. 07.11.2015 2,10,14,15,38,45
493. 10.11.2015 6,14,19,31,34,48
494. 12.11.2015 8,11,15,20,22,32
495. 14.11.2015 4,6,12,26,35,43
496. 17.11.2015 13,17,24,30,33,34
497. 19.11.2015 5,9,10,41,43,44
498. 21.11.2015 3,7,26,36,39,47
499. 24.11.2015 5,6,16,21,31,36
500. 26.11.2015 5,16,18,32,41,47
501. 28.11.2015 2,23,29,38,39,46
502. 01.12.2015 23,25,30,31,40,44
503. 03.12.2015 1,11,14,21,23,32
504. 05.12.2015 2,11,12,26,32,40
505. 08.12.2015 17,27,28,40,41,46
506. 10.12.2015 6,21,22,29,40,46
507. 12.12.2015 4,6,12,14,18,24
508. 15.12.2015 10,11,16,22,42,44
509. 17.12.2015 1,7,10,13,29,33
510. 19.12.2015 10,11,32,35,44,45
511. 22.12.2015 3,14,17,26,31,44
512. 24.12.2015 17,19,22,25,29,49
513. 26.12.2015 8,22,24,28,30,33
514. 29.12.2015 16,22,25,26,37,44
515. 31.12.2015 1,6,20,33,41,48
516. 02.01.2016 16,23,29,36,37,45
517. 05.01.2016 4,14,20,26,27,35
518. 07.01.2016 5,9,11,16,45,49
519. 09.01.2016 1,4,16,23,25,30
520. 12.01.2016 7,18,27,29,47,49
521. 14.01.2016 12,13,15,24,25,33
522. 16.01.2016 20,21,29,40,46,48
523. 19.01.2016 3,17,28,31,32,34
524. 21.01.2016 17,25,34,37,41,46
525. 23.01.2016 13,14,20,31,42,45
526. 26.01.2016 11,20,23,28,29,34
527. 28.01.2016 16,17,18,21,25,26
528. 30.01.2016 8,15,28,43,45,46
529. 02.02.2016 4,14,17,25,29,44
530. 04.02.2016 7,13,20,34,40,41
531. 06.02.2016 3,15,22,27,32,46
532. 09.02.2016 7,21,23,30,35,48
533. 11.02.2016 12,17,18,31,32,38
534. 13.02.2016 18,20,24,29,33,42
535. 16.02.2016 18,21,23,30,32,41
536. 18.02.2016 1,8,15,18,23,26
537. 20.02.2016 17,24,29,35,37,47
538. 23.02.2016 14,24,30,34,35,44
539. 25.02.2016 11,17,24,32,43,45
540. 27.02.2016 13,17,22,26,42,46
541. 01.03.2016 5,9,10,28,44,46
542. 03.03.2016 24,28,30,31,43,49
543. 05.03.2016 16,26,27,28,35,43
544. 08.03.2016 5,13,14,18,20,41
545. 10.03.2016 6,14,16,28,30,47
546. 12.03.2016 2,12,23,32,39,42
547. 15.03.2016 6,22,29,47,48,49
548. 17.03.2016 7,22,26,31,35,44
549. 19.03.2016 7,15,21,34,39,48
550. 22.03.2016 5,10,21,27,41,44
551. 24.03.2016 5,22,26,35,38,43
552. 26.03.2016 5,14,22,26,45,47
553. 29.03.2016 8,10,11,12,21,30
554. 31.03.2016 1,8,10,14,25,34
555. 02.04.2016 11,16,19,20,30,37
556. 05.04.2016 21,32,38,43,48,49
557. 07.04.2016 5,11,20,24,34,41
558. 09.04.2016 2,21,26,37,38,47
559. 12.04.2016 12,14,26,30,34,45
560. 14.04.2016 12,21,28,33,37,44
561. 16.04.2016 1,13,21,32,43,44
562. 19.04.2016 2,10,25,26,33,41
563. 21.04.2016 1,2,8,26,31,38
564. 23.04.2016 8,9,14,18,22,39
565. 26.04.2016 10,25,27,32,37,39
566. 28.04.2016 13,20,23,27,38,41
567. 30.04.2016 3,10,12,23,24,43
568. 03.05.2016 18,29,41,46,47,49
569. 05.05.2016 12,15,24,27,31,43
570. 07.05.2016 11,12,15,28,37,49
571. 10.05.2016 8,9,25,29,36,44
572. 12.05.2016 1,19,22,39,44,47
573. 14.05.2016 26,37,38,41,45,47
574. 17.05.2016 8,11,28,35,37,46
575. 19.05.2016 6,12,18,30,34,39
576. 21.05.2016 8,31,38,40,41,42
577. 24.05.2016 1,12,18,19,22,35
578. 26.05.2016 6,14,23,29,43,44
579. 28.05.2016 5,11,23,35,41,46
580. 31.05.2016 7,18,26,29,36,39
581. 02.06.2016 7,17,30,35,36,39
582. 04.06.2016 5,19,24,33,38,46
583. 07.06.2016 7,10,12,22,43,44
584. 09.06.2016 14,17,19,22,31,40
585. 11.06.2016 11,24,27,28,32,40
586. 14.06.2016 6,9,17,28,39,47
587. 16.06.2016 6,11,27,32,43,48
588. 18.06.2016 6,24,29,44,47,48
589. 21.06.2016 8,16,23,28,30,45
590. 23.06.2016 13,17,23,24,31,33
591. 25.06.2016 15,22,24,27,29,34
592. 28.06.2016 3,4,9,13,25,47
593. 30.06.2016 5,12,14,20,27,43
594. 02.07.2016 1,4,6,26,36,44
595. 05.07.2016 1,9,18,23,36,49
596. 07.07.2016 4,13,25,38,45,48
597. 09.07.2016 3,4,16,19,34,39
598. 12.07.2016 2,3,7,17,26,44
599. 14.07.2016 2,6,15,21,29,37
600. 16.07.2016 16,22,41,45,48,49
601. 19.07.2016 2,3,25,30,31,38
602. 21.07.2016 7,8,10,16,22,25
603. 23.07.2016 2,10,26,30,48,49
604. 26.07.2016 2,12,24,28,31,47
605. 28.07.2016 7,16,21,24,29,46
606. 30.07.2016 19,26,33,38,46,47
607. 02.08.2016 4,5,6,18,44,49
608. 04.08.2016 8,12,16,26,35,45
609. 06.08.2016 4,9,15,28,36,39
610. 09.08.2016 8,13,16,19,27,44
611. 11.08.2016 3,18,22,25,30,45
612. 13.08.2016 12,14,19,24,37,47
613. 16.08.2016 14,20,23,32,40,41
614. 18.08.2016 21,24,41,46,47,49
615. 20.08.2016 11,19,21,22,27,42
616. 23.08.2016 9,11,16,28,38,40
617. 25.08.2016 5,15,20,25,40,49
618. 27.08.2016 2,15,16,28,39,41
619. 30.08.2016 7,9,16,23,27,42
620. 01.09.2016 18,21,28,42,47,48
621. 03.09.2016 2,5,10,23,31,32
622. 06.09.2016 17,22,31,44,48,49
623. 08.09.2016 4,16,19,21,28,49
624. 10.09.2016 3,15,17,38,43,47
625. 13.09.2016 15,17,26,33,35,40
626. 15.09.2016 10,11,15,22,26,41
627. 17.09.2016 1,11,12,35,37,47
628. 20.09.2016 8,20,36,40,43,48
629. 22.09.2016 6,10,25,26,27,38
630. 24.09.2016 2,9,15,23,33,46
631. 27.09.2016 6,19,23,33,34,38
632. 29.09.2016 4,7,26,28,36,41
633. 01.10.2016 5,8,9,25,26,43
634. 04.10.2016 1,4,5,8,27,28
635. 06.10.2016 10,24,34,39,41,49
636. 08.10.2016 8,20,25,29,33,48
637. 11.10.2016 7,16,19,30,31,38
638. 13.10.2016 4,12,20,27,36,47
639. 15.10.2016 3,21,24,26,29,46
640. 18.10.2016 11,14,18,27,33,34
641. 20.10.2016 25,31,34,36,39,49
642. 22.10.2016 12,13,23,28,31,34
643. 25.10.2016 6,22,30,33,43,47
644. 27.10.2016 8,12,15,28,35,43
645. 29.10.2016 4,15,21,31,39,42
646. 01.11.2016 8,9,33,37,40,48
647. 03.11.2016 18,22,24,29,34,39
648. 05.11.2016 1,14,15,28,40,45
649. 08.11.2016 13,15,18,35,40,43
650. 10.11.2016 4,10,16,29,30,46
651. 12.11.2016 7,16,20,32,40,45
652. 15.11.2016 4,6,10,20,29,43
653. 17.11.2016 1,7,11,20,43,45
654. 19.11.2016 8,10,16,38,40,41
655. 22.11.2016 10,31,37,42,43,49
656. 24.11.2016 7,20,26,35,36,38
657. 26.11.2016 2,3,10,13,23,44
658. 29.11.2016 20,23,24,26,37,40
659. 01.12.2016 8,12,30,33,36,47
660. 03.12.2016 19,25,41,46,48,49
661. 06.12.2016 6,15,30,42,44,46
662. 08.12.2016 6,31,32,33,34,41
663. 10.12.2016 12,22,26,30,34,37
664. 13.12.2016 2,3,18,33,47,48
665. 15.12.2016 1,11,14,25,27,31
666. 17.12.2016 1,3,13,15,21,25
667. 20.12.2016 8,12,16,17,18,47
668. 22.12.2016 1,7,10,13,40,45
669. 24.12.2016 4,12,16,20,30,34
670. 27.12.2016 2,8,14,16,18,46
671. 29.12.2016 4,7,10,18,39,46
672. 31.12.2016 13,19,23,36,39,45
673. 03.01.2017 2,7,22,32,41,44
674. 05.01.2017 8,30,39,41,44,49
675. 07.01.2017 1,7,23,37,46,48
676. 10.01.2017 5,15,23,25,43,49
677. 12.01.2017 3,5,16,19,25,44
678. 14.01.2017 3,7,21,24,40,47
679. 17.01.2017 7,38,40,44,46,48
680. 19.01.2017 1,27,31,38,41,49
681. 21.01.2017 12,13,17,19,29,31
682. 24.01.2017 5,12,27,33,36,38
683. 26.01.2017 15,17,21,31,34,47
684. 28.01.2017 3,7,8,9,12,13
685. 31.01.2017 15,19,28,37,43,46
686. 02.02.2017 1,12,13,24,32,35
687. 04.02.2017 14,24,25,28,36,41
688. 06.02.2017 4,7,14,28,32,39
689. 09.02.2017 3,8,21,31,35,43
690. 11.02.2017 2,23,25,37,38,46
691. 14.02.2017 1,13,14,20,38,40
692. 16.02.2017 3,9,17,25,34,47
693. 18.02.2017 6,10,11,24,41,42
694. 21.02.2017 5,18,24,35,43,49
695. 23.02.2017 3,7,8,10,31,40
696. 25.02.2017 4,5,19,21,40,41
697. 28.02.2017 3,22,26,35,39,43
698. 02.03.2017 7,25,28,29,39,46
699. 04.03.2017 2,12,13,15,43,49
700. 07.03.2017 1,4,21,24,27,35
701. 09.03.2017 6,15,18,19,29,33
702. 11.03.2017 5,11,27,28,32,40
703. 14.03.2017 6,12,15,23,29,32
704. 16.03.2017 2,18,22,32,35,39
705. 18.03.2017 12,32,34,38,44,47
706. 21.03.2017 7,13,17,29,41,42
707. 23.03.2017 2,9,23,30,32,39
708. 25.03.2017 25,33,35,38,44,48
709. 28.03.2017 4,14,16,30,31,37
710. 30.03.2017 1,17,23,30,36,45
711. 01.04.2017 11,15,18,19,25,49
712. 04.04.2017 2,3,18,23,37,38
713. 06.04.2017 14,17,18,22,29,37
714. 08.04.2017 6,14,21,25,39,43
715. 11.04.2017 5,10,13,21,24,25
716. 13.04.2017 2,11,13,21,24,37
717. 15.04.2017 9,17,22,26,28,48
718. 18.04.2017 2,7,25,28,41,48
719. 20.04.2017 8,21,32,41,43,48
720. 22.04.2017 2,34,36,41,43,46
721. 25.04.2017 2,5,7,36,38,44
722. 27.04.2017 4,10,22,25,26,37
723. 29.04.2017 2,7,21,22,34,37
724. 02.05.2017 1,14,24,30,36,46
725. 04.05.2017 1,19,27,28,48,49
726. 06.05.2017 1,3,5,20,23,40
727. 09.05.2017 5,10,13,16,34,37
728. 11.05.2017 6,10,22,23,36,37
729. 13.05.2017 4,7,8,10,17,30
730. 18.05.2017 9,24,30,33,37,38
731. 20.05.2017 21,25,35,39,40,49
732. 23.05.2017 14,25,26,30,38,45
733. 25.05.2017 4,9,15,32,42,43
734. 27.05.2017 5,7,8,22,32,33
735. 30.05.2017 6,18,36,40,42,44
736. 01.06.2017 23,27,34,35,41,45
737. 03.06.2017 11,21,23,30,35,38
738. 06.06.2017 5,7,15,17,25,49
739. 08.06.2017 11,12,13,19,22,26
740. 10.06.2017 2,6,15,24,40,43
741. 13.06.2017 1,5,20,30,35,39
742. 15.06.2017 10,14,15,24,25,32
743. 17.06.2017 1,9,24,25,38,43
744. 20.06.2017 32,35,39,40,46,47
745. 22.06.2017 4,5,7,41,44,49
746. 24.06.2017 9,22,29,30,33,46
747. 27.06.2017 12,15,20,34,39,48
748. 29.06.2017 15,25,26,30,33,39
749. 01.07.2017 2,17,20,21,22,23
750. 04.07.2017 3,10,22,25,30,48
751. 06.07.2017 9,24,26,28,29,38
752. 08.07.2017 1,3,14,36,37,43
753. 11.07.2017 6,14,15,32,35,43
754. 13.07.2017 4,8,11,14,23,39
755. 15.07.2017 1,23,28,35,38,39
756. 18.07.2017 18,29,31,41,43,44
757. 20.07.2017 6,18,23,29,31,33
758. 22.07.2017 5,10,21,26,27,28
759. 25.07.2017 10,16,17,18,39,45
760. 27.07.2017 13,21,24,26,27,46
761. 29.07.2017 4,24,29,36,40,48
762. 01.08.2017 16,17,25,27,39,42
763. 03.08.2017 2,6,12,14,29,49
764. 05.08.2017 10,14,24,27,36,38
765. 08.08.2017 7,16,37,39,41,43
766. 10.08.2017 4,5,13,15,19,39
767. 12.08.2017 2,15,21,32,44,48
768. 15.08.2017 7,19,23,38,46,49
769. 17.08.2017 3,10,14,21,24,30
770. 19.08.2017 13,20,23,24,27,45
771. 22.08.2017 2,4,6,12,29,37
772. 24.08.2017 4,8,20,21,28,40
773. 26.08.2017 8,12,17,34,35,47
774. 29.08.2017 5,13,23,32,35,45
775. 31.08.2017 10,11,12,36,38,47
776. 02.09.2017 17,21,31,36,37,46
777. 05.09.2017 6,10,39,40,43,46
778. 07.09.2017 1,2,5,8,29,43
779. 09.09.2017 3,7,10,13,42,45
780. 12.09.2017 4,20,28,29,39,47
781. 14.09.2017 2,12,13,17,28,29
782. 16.09.2017 2,8,29,40,47,49
783. 19.09.2017 13,22,26,31,36,38
784. 21.09.2017 9,10,17,18,32,48
785. 23.09.2017 33,35,37,39,48,49
786. 26.09.2017 7,37,41,46,47,49
787. 28.09.2017 11,12,17,29,32,36
788. 30.09.2017 6,22,26,28,43,44
789. 03.10.2017 2,8,11,21,40,45
790. 05.10.2017 8,14,29,39,45,47
791. 07.10.2017 1,8,15,34,35,36
792. 10.10.2017 7,12,14,17,23,40
793. 12.10.2017 6,7,15,24,28,36
794. 14.10.2017 3,8,18,19,21,30
795. 17.10.2017 5,9,18,38,40,43
796. 19.10.2017 4,15,21,26,30,38
797. 21.10.2017 2,11,13,22,25,37
798. 24.10.2017 7,19,23,38,39,40
799. 26.10.2017 1,18,22,38,41,43
800. 28.10.2017 22,24,25,28,46,47
801. 31.10.2017 6,11,19,25,27,40
802. 02.11.2017 1,2,4,10,36,40
803. 04.11.2017 2,5,11,18,28,46
804. 07.11.2017 10,13,27,35,43,47
805. 09.11.2017 7,12,13,16,31,34
806. 11.11.2017 3,12,18,23,24,38
807. 14.11.2017 3,16,26,28,33,36
808. 16.11.2017 5,13,20,37,43,47
809. 18.11.2017 21,22,28,30,32,49
810. 21.11.2017 1,4,15,45,47,49
811. 23.11.2017 10,32,35,37,40,44
812. 25.11.2017 4,5,19,32,35,49
813. 28.11.2017 6,9,15,17,31,43
814. 30.11.2017 5,14,16,20,29,30
815. 02.12.2017 3,8,13,22,25,35
816. 05.12.2017 2,7,18,30,40,43
817. 07.12.2017 20,23,30,37,39,41
818. 09.12.2017 1,9,13,18,26,38
819. 12.12.2017 23,28,34,36,37,47
820. 14.12.2017 7,8,16,22,41,44
821. 16.12.2017 3,4,14,16,19,32
822. 19.12.2017 2,4,9,12,24,31
823. 21.12.2017 13,21,23,35,38,47
824. 23.12.2017 14,15,17,25,36,39
825. 26.12.2017 13,24,25,30,32,45
826. 28.12.2017 12,34,36,41,43,44
827. 30.12.2017 3,6,8,12,18,46
828. 02.01.2018 5,16,27,42,45,49
829. 04.01.2018 16,21,23,25,38,47
830. 06.01.2018 14,17,20,21,27,31
831. 09.01.2018 1,3,15,39,40,44
832. 11.01.2018 9,11,17,36,38,47
833. 13.01.2018 21,25,26,29,35,49
834. 16.01.2018 2,7,16,27,36,49
835. 18.01.2018 11,13,17,22,27,28
836. 20.01.2018 9,23,30,36,40,45
837. 23.01.2018 5,16,25,37,45,49
838. 25.01.2018 20,30,36,39,43,46
839. 27.01.2018 9,10,20,29,38,40
840. 30.01.2018 8,9,15,26,44,47
841. 01.02.2018 18,29,31,33,44,45
842. 03.02.2018 5,14,17,20,37,40
843. 06.02.2018 5,7,21,27,34,44
844. 08.02.2018 5,9,11,37,39,41
845. 10.02.2018 4,5,15,19,28,36
846. 13.02.2018 8,23,25,29,42,45
847. 15.02.2018 7,8,10,12,20,38
848. 17.02.2018 3,12,34,35,42,49
849. 20.02.2018 7,14,16,18,44,49
850. 22.02.2018 6,27,38,40,42,44
851. 24.02.2018 12,35,39,42,44,45
852. 27.02.2018 6,22,28,38,39,47
853. 01.03.2018 2,17,32,36,39,43
854. 03.03.2018 3,8,18,31,39,45
855. 06.03.2018 5,9,11,17,18,29
856. 08.03.2018 7,8,10,20,21,49
857. 10.03.2018 2,5,26,34,35,36
858. 13.03.2018 9,26,35,39,45,49
859. 15.03.2018 8,9,19,28,36,46
860. 17.03.2018 1,10,27,32,44,47
861. 20.03.2018 14,15,20,28,33,37
862. 22.03.2018 4,5,8,18,34,35
863. 24.03.2018 9,12,15,31,38,41
864. 27.03.2018 9,16,20,21,22,27
865. 29.03.2018 8,12,20,23,26,40
866. 31.03.2018 27,29,37,38,44,49
867. 03.04.2018 1,3,10,16,36,38
868. 05.04.2018 9,13,23,26,41,42
869. 07.04.2018 9,11,16,28,31,48
870. 10.04.2018 12,14,25,33,34,44
871. 12.04.2018 6,8,30,35,40,42
872. 14.04.2018 9,11,12,26,44,45
873. 17.04.2018 8,11,13,31,39,44
874. 19.04.2018 3,6,18,22,25,43
875. 21.04.2018 9,12,16,21,24,30
876. 24.04.2018 19,20,24,36,45,49
877. 26.04.2018 7,12,22,37,41,43
878. 28.04.2018 1,18,20,25,35,46
879. 01.05.2018 1,28,33,34,42,49
880. 03.05.2018 7,17,33,41,45,47
881. 05.05.2018 1,14,16,18,33,44
882. 08.05.2018 4,17,31,33,35,39
883. 10.05.2018 5,20,24,33,38,42
884. 12.05.2018 13,18,27,33,36,43
885. 15.05.2018 5,10,13,38,45,48
886. 17.05.2018 4,7,19,32,43,46
887. 19.05.2018 2,13,30,31,38,49
888. 22.05.2018 2,13,33,35,36,43
889. 24.05.2018 6,9,16,17,40,43
890. 26.05.2018 13,15,16,36,43,47
891. 29.05.2018 7,18,23,25,34,48
892. 31.05.2018 10,19,29,36,37,41
893. 02.06.2018 8,11,21,39,45,46
894. 05.06.2018 17,26,37,39,41,42
895. 07.06.2018 4,10,11,16,40,48
896. 09.06.2018 4,16,24,26,34,45
897. 12.06.2018 1,4,16,21,27,43
898. 14.06.2018 8,15,21,30,35,49
899. 16.06.2018 10,16,22,38,42,47
900. 19.06.2018 4,10,19,20,22,43
901. 21.06.2018 3,12,24,29,34,41
902. 26.06.2018 20,24,27,28,29,48
903. 28.06.2018 2,14,17,19,46,47
904. 30.06.2018 3,15,17,32,42,49
905. 03.07.2018 2,10,21,44,46,49
906. 05.07.2018 2,13,24,27,32,33
907. 07.07.2018 13,20,22,23,33,42
908. 10.07.2018 4,9,14,15,18,22
909. 12.07.2018 9,10,13,24,42,44
910. 14.07.2018 4,11,20,26,29,42
911. 17.07.2018 20,22,23,29,31,45
912. 19.07.2018 1,9,11,24,42,46
913. 21.07.2018 22,26,27,35,37,41
914. 24.07.2018 4,14,26,28,31,44
915. 26.07.2018 6,8,11,19,24,26
916. 28.07.2018 11,28,42,43,45,49
917. 31.07.2018 1,18,19,22,31,46
918. 02.08.2018 15,24,32,35,42,48
919. 04.08.2018 2,6,15,28,33,49
920. 07.08.2018 10,15,16,23,36,42
921. 09.08.2018 3,23,24,30,39,49
922. 11.08.2018 14,20,21,31,43,46
923. 14.08.2018 6,27,32,34,37,49
924. 16.08.2018 11,19,22,29,41,48
925. 18.08.2018 3,13,19,26,33,40
926. 21.08.2018 1,12,22,26,37,42
927. 23.08.2018 3,11,24,25,28,36
928. 25.08.2018 23,24,27,36,45,48
929. 28.08.2018 1,7,20,22,24,46
930. 30.08.2018 6,14,17,25,42,46
931. 01.09.2018 14,20,26,33,42,44
932. 04.09.2018 3,4,8,22,33,48
933. 06.09.2018 5,10,18,33,36,49
934. 08.09.2018 7,23,27,31,44,45
935. 11.09.2018 5,18,25,34,43,48
936. 13.09.2018 1,10,14,32,41,44
937. 15.09.2018 3,7,8,32,39,47
938. 18.09.2018 9,11,20,24,29,33
939. 20.09.2018 16,26,27,34,38,44
940. 22.09.2018 23,25,27,43,46,48
941. 25.09.2018 3,24,35,36,39,46
942. 27.09.2018 3,8,19,32,34,45
943. 29.09.2018 10,11,13,27,30,46
944. 02.10.2018 7,16,23,33,38,46
945. 04.10.2018 16,20,21,30,43,47
946. 06.10.2018 3,7,9,23,29,45
947. 09.10.2018 2,16,25,34,45,49
948. 11.10.2018 2,15,36,38,42,45
949. 13.10.2018 3,6,13,15,19,20
950. 16.10.2018 4,17,18,23,34,43
951. 18.10.2018 2,10,11,26,33,48
952. 20.10.2018 9,14,21,24,30,44
953. 23.10.2018 23,26,35,41,42,44
954. 25.10.2018 16,20,32,41,46,47
955. 27.10.2018 8,11,14,25,32,44
956. 30.10.2018 25,28,30,33,43,49
957. 01.11.2018 9,10,16,24,25,26
958. 03.11.2018 1,9,23,40,42,47
959. 06.11.2018 21,24,38,39,40,49
960. 08.11.2018 4,8,21,37,38,40
961. 10.11.2018 2,6,8,18,36,49
962. 13.11.2018 9,29,31,38,43,44
963. 15.11.2018 2,16,18,23,32,49
964. 17.11.2018 17,21,24,34,36,40
965. 20.11.2018 3,6,9,12,13,32
966. 22.11.2018 4,19,20,25,38,42
967. 24.11.2018 3,4,9,21,34,48
968. 27.11.2018 5,8,26,33,43,44
969. 29.11.2018 7,12,20,26,38,46
970. 01.12.2018 1,4,6,16,28,41
971. 04.12.2018 2,14,16,32,33,39
972. 06.12.2018 1,30,32,42,43,48
973. 08.12.2018 1,8,28,29,37,39
974. 11.12.2018 13,19,20,28,34,40
975. 13.12.2018 4,7,10,11,15,18
976. 15.12.2018 1,6,22,26,32,35
977. 18.12.2018 5,13,21,38,40,43
978. 20.12.2018 6,8,19,28,33,48
979. 22.12.2018 2,10,23,32,41,43
980. 25.12.2018 3,12,34,40,45,47
981. 27.12.2018 1,12,20,31,34,49
982. 29.12.2018 10,24,35,37,41,48
983. 01.01.2019 7,12,22,25,36,45
984. 03.01.2019 13,17,29,30,37,46
985. 05.01.2019 1,2,11,22,29,41
986. 08.01.2019 9,16,19,22,40,44
987. 10.01.2019 5,12,19,23,28,32
988. 12.01.2019 10,17,20,21,23,43
989. 15.01.2019 8,26,28,31,37,42
990. 17.01.2019 2,11,18,20,28,36
991. 19.01.2019 3,4,7,25,30,37
992. 22.01.2019 13,21,31,33,38,49
993. 24.01.2019 1,12,21,27,30,33
994. 26.01.2019 3,8,18,21,29,47
995. 29.01.2019 17,18,29,31,34,35
996. 31.01.2019 1,9,10,23,31,43
997. 02.02.2019 7,10,26,30,37,40
998. 05.02.2019 4,18,24,25,26,42
999. 07.02.2019 3,10,38,42,44,45
1000. 09.02.2019 6,15,16,30,40,46
1001. 12.02.2019 4,5,16,41,47,48
1002. 14.02.2019 20,23,30,35,38,39
1003. 16.02.2019 11,21,33,34,40,49
1004. 19.02.2019 3,16,19,30,39,40
1005. 21.02.2019 6,23,30,40,42,44
1006. 23.02.2019 1,4,6,18,44,46
1007. 26.02.2019 13,14,27,28,33,44
1008. 28.02.2019 2,4,8,27,42,45
1009. 02.03.2019 3,6,43,45,47,49
1010. 05.03.2019 4,6,18,25,43,49
1011. 07.03.2019 11,14,18,22,24,35
1012. 09.03.2019 3,7,10,23,24,37
1013. 12.03.2019 1,12,15,25,36,44
1014. 14.03.2019 2,6,14,18,25,43
1015. 16.03.2019 14,16,33,39,42,45
1016. 19.03.2019 8,18,22,25,28,29
1017. 21.03.2019 1,4,5,9,48,49
1018. 23.03.2019 9,14,25,36,40,47
1019. 26.03.2019 5,6,13,24,26,40
1020. 28.03.2019 12,16,20,21,31,39
1021. 30.03.2019 6,8,17,31,34,46
1022. 02.04.2019 1,19,27,34,44,46
1023. 04.04.2019 2,3,15,28,29,38
1024. 06.04.2019 2,3,7,25,32,35
1025. 09.04.2019 16,20,22,27,43,47
1026. 11.04.2019 2,16,24,40,44,45
1027. 13.04.2019 24,25,26,29,36,40
1028. 16.04.2019 14,22,26,31,37,42
1029. 18.04.2019 8,13,19,37,40,45
1030. 20.04.2019 1,18,19,22,39,40
1031. 23.04.2019 9,11,30,32,33,36
1032. 25.04.2019 8,10,32,34,35,49
1033. 27.04.2019 1,2,19,26,29,31
1034. 30.04.2019 25,28,33,34,45,46
1035. 02.05.2019 3,21,22,23,31,32
1036. 04.05.2019 8,25,27,40,41,46
1037. 07.05.2019 7,16,19,21,36,44
1038. 09.05.2019 1,10,20,21,24,42
1039. 11.05.2019 2,16,17,29,31,47
1040. 14.05.2019 2,8,18,20,25,37
1041. 16.05.2019 3,10,11,22,30,39
1042. 18.05.2019 13,19,24,31,37,46
1043. 21.05.2019 3,9,10,25,26,40
1044. 23.05.2019 17,18,25,29,32,41
1045. 25.05.2019 5,20,26,37,39,49
1046. 28.05.2019 10,12,18,28,40,45
1047. 30.05.2019 9,17,18,33,36,46
1048. 01.06.2019 3,5,9,30,36,39
1049. 04.06.2019 4,5,6,34,44,49
1050. 06.06.2019 2,25,31,34,43,44
